cam0:
  cam_overlaps: [1]
  camera_model: ds
  distortion_coeffs: []
  distortion_model: none
  intrinsics: [-0.20372875596446122, 0.5932819332397826, 318.6258270844586, 317.4550408547758,
    712.3397614564794, 537.9119819033568]
  resolution: [1440, 1080]
  rostopic: /tiscamera_ros/fisheye_left/image_rect_raw
cam1:
  T_cn_cnm1:
  - [0.9999846717555841, -0.0011805519417418804, 0.005409487128024326, -0.1954797223458971]
  - [0.0011786933245623286, 0.9999992452195106, 0.00034675993804145173, 0.0013290971760420553]
  - [-0.0054098924131671606, -0.00034037849645325986, 0.9999853084953577, -0.011293233858658299]
  - [0.0, 0.0, 0.0, 1.0]
  cam_overlaps: [0]
  camera_model: ds
  distortion_coeffs: []
  distortion_model: none
  intrinsics: [-0.21943648659652323, 0.5876164072110415, 311.2199899152913, 310.21782591516984,
    686.9628482449722, 559.7453106995599]
  resolution: [1440, 1080]
  rostopic: /tiscamera_ros/fisheye_right/image_rect_raw
