cam0:
  T_cam_imu:
  - [-0.02153990650148313, -0.9995193355673949, 0.022296417981821248, 0.09649143789779636]
  - [-0.09038531481842915, -0.020263407719204596, -0.9957007026073539, -0.05655548220792867]
  - [0.9956739061023343, -0.023462568796233596, -0.08990539790469301, -0.20354239528374787]
  - [0.0, 0.0, 0.0, 1.0]
  cam_overlaps: [1]
  camera_model: ds
  distortion_coeffs: []
  distortion_model: none
  intrinsics: [-0.2275583322755737, 0.5817331383471089, 305.14194940555717, 303.8238352200969,
    708.7753818774216, 545.8966096353397]
  resolution: [1440, 1080]
  rostopic: /tiscamera_ros/fisheye_left/image_rect_raw
  timeshift_cam_imu: 0.2595599776759045
cam1:
  T_cam_imu:
  - [0.030892315282160132, -0.9986183846803045, -0.042508665410797564, -0.11521113999018189]
  - [-0.07253913354273389, 0.040176873445691486, -0.9965560159594635, -0.05578649834635601]
  - [0.996887024171434, 0.0338694643983104, -0.07119775572301809, -0.20171679613682933]
  - [0.0, 0.0, 0.0, 1.0]
  T_cn_cnm1:
  - [0.9965251757864024, 0.059769107858854295, 0.05801058325543387, -0.1961794033194527]
  - [-0.06081470517153445, 0.9980138773328261, 0.016427790052141376, 0.009868507820169856]
  - [-0.056913492765585244, -0.01989860288700027, 0.9981807952191658, 0.005821603519514778]
  - [0.0, 0.0, 0.0, 1.0]
  cam_overlaps: [0]
  camera_model: ds
  distortion_coeffs: []
  distortion_model: none
  intrinsics: [-0.19167847285814865, 0.5939548938802841, 319.27485635986636, 318.5060170321763,
    701.528911405855, 556.0750361953202]
  resolution: [1440, 1080]
  rostopic: /tiscamera_ros/fisheye_right/image_rect_raw
  timeshift_cam_imu: 0.26201383697478087
