cam0:
  T_cam_imu:
  - [0.03265602858918809, -0.9991087547219772, -0.026744719753342472, 0.004063001557112999]
  - [0.0429983039037618, 0.028138617128775856, -0.9986788092712705, 0.0033816176578998973]
  - [0.9985413009276004, 0.03146290615920366, 0.04387887735386212, 0.015706469903820405]
  - [0.0, 0.0, 0.0, 1.0]
  cam_overlaps: [1]
  camera_model: ds
  distortion_coeffs: []
  distortion_model: none
  intrinsics: [-0.20267834110395425, 0.5912970177280533, 316.2982457398319, 314.9469924547951,
    724.929996027331, 546.5188517956469]
  resolution: [1440, 1080]
  rostopic: /tiscamera_ros/fisheye_left/image_rect_raw
  timeshift_cam_imu: 0.07640588778574844
cam1:
  T_cam_imu:
  - [0.06274201894257922, -0.9971738346197216, -0.04132532648157983, -0.19359062119824527]
  - [-0.016543533175669534, 0.040362086383484624, -0.9990481537407683, -0.0008507380437314579]
  - [0.9978926548327103, 0.06336596509619546, -0.013964379626506374, 0.016377746743465676]
  - [0.0, 0.0, 0.0, 1.0]
  T_cn_cnm1:
  - [0.9994392475880441, 0.015909435498201577, 0.02946320150239981, -0.19816790693311093]
  - [-0.014147097065043867, 0.9981526100106233, -0.05908660401149214, -0.0032405868899928972]
  - [-0.03034880599421793, 0.05863665228427707, 0.9978179658553038, 0.0006305694005144194]
  - [0.0, 0.0, 0.0, 1.0]
  cam_overlaps: [0]
  camera_model: ds
  distortion_coeffs: []
  distortion_model: none
  intrinsics: [-0.1984485196004664, 0.5925962297640984, 317.5358039473228, 316.06197661860625,
    712.8097183664731, 557.1770793059625]
  resolution: [1440, 1080]
  rostopic: /tiscamera_ros/fisheye_right/image_rect_raw
  timeshift_cam_imu: 0.040448505863034154
