cam0:
  cam_overlaps: [1]
  camera_model: ds
  distortion_coeffs: []
  distortion_model: none
  intrinsics: [-0.20455838035336035, 0.5914689862203412, 316.20159410212426, 314.8053054259285,
    703.4088933688452, 548.4752716097569]
  resolution: [1440, 1080]
  rostopic: /tiscamera_ros/fisheye_left/image_rect_raw
cam1:
  T_cn_cnm1:
  - [0.9999592063899364, -0.0005987896699881294, -0.009012602673281956, -0.19769271365991734]
  - [0.0006098256742795903, 0.9999990676463915, 0.001221809723960382, -0.0002527259605273908]
  - [0.0090118626633079, -0.0012272559984331751, 0.9999586392316728, -0.00396054192732622]
  - [0.0, 0.0, 0.0, 1.0]
  cam_overlaps: [0]
  camera_model: ds
  distortion_coeffs: []
  distortion_model: none
  intrinsics: [-0.20057540408450303, 0.5918605636149088, 317.065720547673, 315.93533477463785,
    727.9233749313892, 565.238262260534]
  resolution: [1440, 1080]
  rostopic: /tiscamera_ros/fisheye_right/image_rect_raw
